691093.220071 5336132.179411 517.283204
691091.248992 5336132.666625 517.252557
691089.146351 5336133.159785 517.238697
691086.757463 5336133.81842 517.217714
691084.087193 5336134.621232 517.192489
691081.118649 5336135.618794 517.159726
691077.825889 5336136.795622 517.133503
691074.243554 5336138.122082 517.108605
691070.522936 5336139.494459 517.065489
691066.850832 5336140.869787 517.043355
691063.043787 5336142.317052 517.02456
691059.078235 5336143.841437 517.006025
691054.939538 5336145.455815 516.987924
691050.66309 5336147.088616 516.958256
691046.297104 5336148.762956 516.949726
691041.924215 5336150.445853 516.957558
691037.529649 5336152.1382 516.958161
691033.161646 5336153.869899 516.941732
691028.785403 5336155.627794 516.931175
691024.407222 5336157.389691 516.92188
691020.002098 5336159.152506 516.911363
691015.633364 5336160.885524 516.90175
691011.29131 5336162.574642 516.887844
691006.980167 5336164.195428 516.876339
691002.680122 5336165.767297 516.866366
690998.453258 5336167.27988 516.858711
690994.265846 5336168.772386 516.860756
690990.160568 5336170.238054 516.856633
690986.11756 5336171.674603 516.847755
690982.153336 5336173.07115 516.833674
690978.260629 5336174.462317 516.82451
690974.457766 5336175.837607 516.815834
690970.712038 5336177.204755 516.807816
690967.058082 5336178.54333 516.800579
690963.544215 5336179.842591 516.791232
