690894.255617 5335942.004275 516.928608
690898.778776 5335940.242282 516.935017
690903.268999 5335938.484294 516.930544
690907.719166 5335936.739191 516.915241
690912.089914 5335935.04986 516.903819
690916.433201 5335933.399381 516.886507
690920.707113 5335931.788318 516.880407
690924.920455 5335930.190907 516.87834
690929.036521 5335928.597641 516.909475
690933.138195 5335927.050225 516.920297
690937.159699 5335925.543723 516.924949
690941.125122 5335924.070335 516.932528
690945.011836 5335922.654136 516.933092
690948.845375 5335921.28061 516.931701
690952.593988 5335919.986685 516.931107
690956.304618 5335918.792542 516.922647
690959.944027 5335917.697837 516.909603
690963.56108 5335916.679964 516.898114
690967.094286 5335915.686276 516.897448
690970.533712 5335914.704668 516.900686
690973.761111 5335913.77111 516.899534
690976.760947 5335912.846036 516.902364
690979.379969 5335911.98915 516.912996
690981.581018 5335911.235815 516.917989
690983.288298 5335910.625089 516.927818
690984.563793 5335910.157156 516.935535
690985.361531 5335909.863629 516.940687
690985.761348 5335909.713318 516.94515
690986.293035 5335909.512952 516.967139
690986.925688 5335909.276462 516.979881
690987.891396 5335908.912 516.99075
690989.192999 5335908.41343 517.004621
