691021.640253 5335919.849214 517.621024
691022.807934 5335922.898797 517.619824
691024.055164 5335926.171868 517.617636
691025.390731 5335929.684686 517.620293
691026.812421 5335933.41167 517.61975
691028.327 5335937.365373 517.609494
691029.839934 5335941.311832 517.605981
691031.356495 5335945.260787 517.597066
691032.922786 5335949.26317 517.589786
691034.550278 5335953.40312 517.585666
691036.222829 5335957.691176 517.581704
691037.932973 5335962.163596 517.575439
691039.692916 5335966.793924 517.555248
691041.53108 5335971.585892 517.551435
691043.438111 5335976.501026 517.54875
691045.331117 5335981.43567 517.540548
691047.208261 5335986.334774 517.527221
691049.107779 5335991.318759 517.506541
691051.034817 5335996.34159 517.500132
691052.985058 5336001.450598 517.483165
691054.95918 5336006.582134 517.474322
691056.967761 5336011.736464 517.463872
691058.98196 5336016.882322 517.460323
691061.011279 5336022.059221 517.446511
691063.076175 5336027.200613 517.436956
691065.123265 5336032.369099 517.433518
691067.161884 5336037.520098 517.427923
691069.191301 5336042.703818 517.417069
691071.219491 5336047.867758 517.40282
691073.258776 5336053.050976 517.401566
691075.273651 5336058.235557 517.397847
691077.311107 5336063.410915 517.386657
691079.328844 5336068.507737 517.358824
691081.304827 5336073.57496 517.343198
691083.234938 5336078.565288 517.337131
691085.117107 5336083.475503 517.318988
691086.856976 5336088.09582 517.311713
691088.465438 5336092.39407 517.320998
691089.911014 5336096.320249 517.302447
691091.19287 5336099.808033 517.290494
691092.313375 5336102.823044 517.279861
691093.263057 5336105.319376 517.273224
691093.999436 5336107.231968 517.267213
691094.510435 5336108.549789 517.259889
691094.780127 5336109.234631 517.25517
691094.90497 5336109.548968 517.259883
691095.039661 5336109.878426 517.262539
691095.294221 5336110.521303 517.259355
691095.685801 5336111.489846 517.256089
691096.191158 5336112.760295 517.245349
691096.755809 5336114.158295 517.240667
