692059.421799,5340512.68797,506.291423
692059.613136,5340510.750999,506.3052
692059.775581,5340509.049154,506.31682
692059.914097,5340507.569612,506.32724
692060.034409,5340506.264893,506.335387
692060.142049,5340505.113343,506.341888
692060.236855,5340504.084714,506.346286
692060.314845,5340503.229214,506.350358
692060.381032,5340502.497799,506.353424
692060.433136,5340501.927594,506.354963
692060.477468,5340501.447433,506.357705
692060.513946,5340501.037215,506.359781
692060.544645,5340500.712068,506.36053
692060.581771,5340500.29189,506.36324
692060.63642,5340499.69348,506.375726
692060.704506,5340498.92592,506.385801
692060.812417,5340497.737284,506.396793
692060.957667,5340496.128368,506.408251
692061.131166,5340494.274022,506.415536
692061.306411,5340492.341553,506.43216
692061.499262,5340490.270125,506.44684
692061.697178,5340488.093632,506.460174
692061.897652,5340485.948165,506.476631
692062.108045,5340483.674465,506.494241
692062.339949,5340481.234418,506.510995
692062.585331,5340478.610282,506.529649
692062.842919,5340475.751233,506.546624
692063.114791,5340472.67002,506.560257
692063.404097,5340469.333961,506.572329
692063.710938,5340465.755784,506.57867
692064.028552,5340461.919453,506.589366
692064.34984,5340457.942768,506.596876
692064.662533,5340453.989365,506.612862
692064.971206,5340449.903987,506.628406
692065.306744,5340445.611503,506.639297
692065.698258,5340441.23963,506.639646
692066.233174,5340436.845385,506.672333
692066.90164,5340432.407049,506.689735
692067.40025,5340427.838453,506.706585
692067.730315,5340423.146167,506.73441
692067.990121,5340418.242168,506.773476
692068.265721,5340413.11518,506.783388
692068.530425,5340407.715553,506.767776
692068.792229,5340402.074706,506.740172
692069.075345,5340396.379523,506.697211
692069.388333,5340390.688045,506.658584
692069.711155,5340384.898309,506.638614
692070.123922,5340379.11614,506.641492
692070.627653,5340373.313498,506.641657
692071.147919,5340367.561667,506.621834
692071.652784,5340361.849551,506.608313
692072.17438,5340356.212508,506.596614
692072.629231,5340350.621274,506.574211
692073.052701,5340345.114395,506.546844
692073.443337,5340339.642863,506.521056
692073.843945,5340334.264006,506.49722
692074.282131,5340328.92315,506.482896
692074.694578,5340323.624779,506.457167
692075.113617,5340318.312283,506.445059
692075.591776,5340313.009226,506.450009
692076.065768,5340307.675941,506.476627
692076.547909,5340302.325543,506.484905
692077.009892,5340296.906158,506.479825
692077.459387,5340291.446654,506.480063
692077.916532,5340285.883573,506.484653
692078.398969,5340280.252364,506.497723
692078.898889,5340274.5087,506.518374
692079.411532,5340268.687543,506.541294
692079.928694,5340262.76665,506.573911
692080.455623,5340256.798148,506.599434
692080.988543,5340250.76836,506.62284
692081.519263,5340244.716098,506.652859
692082.049666,5340238.613463,506.680414
692082.581324,5340232.519733,506.706129
692083.111247,5340226.39702,506.729689
692083.646607,5340220.290526,506.750877
692084.203215,5340214.14104,506.775624
692084.759667,5340207.974953,506.804704
692085.323451,5340201.748662,506.834876
692085.871208,5340195.534925,506.859762
692086.414254,5340189.309224,506.889303
692086.94063,5340183.135495,506.916357
692087.453219,5340177.010523,506.947211
692087.973354,5340170.988763,506.975041
692088.492072,5340165.034066,506.999561
692089.010366,5340159.185207,507.026003
692089.54564,5340153.408521,507.046853
692090.08854,5340147.737813,507.062228
692090.632374,5340142.091435,507.085115
692091.159007,5340136.47381,507.113637
692091.692379,5340130.87324,507.143528
692092.205249,5340125.341133,507.173823
692092.703203,5340119.839574,507.203146
692093.187348,5340114.41034,507.236008
692093.669683,5340109.014877,507.260435
692094.141427,5340103.724761,507.27634
692094.611648,5340098.495569,507.288353
692095.072734,5340093.364945,507.307044
692095.513057,5340088.297129,507.331344
692095.940992,5340083.327446,507.35044
692096.338368,5340078.42698,507.365774
692096.713049,5340073.618099,507.390328
692097.090552,5340068.868373,507.412251
692097.458094,5340064.358765,507.422642
692097.796181,5340060.240415,507.442139
692098.12547,5340056.492534,507.452787
692098.422508,5340053.045721,507.468448
692098.680672,5340050.030634,507.480451
692098.907173,5340047.465894,507.49445
692099.09877,5340045.311433,507.50097
692099.242214,5340043.713828,507.506537
692099.331757,5340042.714255,507.507614
692099.375234,5340042.214468,507.508775
692099.413387,5340041.752009,507.51724
692099.482394,5340040.974316,507.519236
692099.601922,5340039.642646,507.524523
692099.76537,5340037.828561,507.518741
692099.972177,5340035.622438,507.526599
692100.203695,5340033.035666,507.534828
692100.447586,5340030.417185,507.54697
692100.712226,5340027.68248,507.564963
692101.011911,5340024.577332,507.583838
692101.353793,5340021.137995,507.613593
692101.721282,5340017.33224,507.653977
692102.103963,5340013.301445,507.66089
692102.46717,5340009.301341,507.659565
692102.830999,5340005.179106,507.643682
692103.272691,5340000.83482,507.634486
692103.756493,5339996.303644,507.630521
692104.231062,5339991.485512,507.652216
692104.733913,5339986.460665,507.677974
692105.25129,5339981.311686,507.692881
692105.76454,5339976.205596,507.707539
692106.276063,5339970.999426,507.723423
692106.765159,5339965.70085,507.739236
692107.247716,5339960.247553,507.764117
692107.732709,5339954.666931,507.780555
692108.254013,5339948.986334,507.80071
692108.805667,5339943.316746,507.821458
692109.361216,5339937.629179,507.841208
692109.917315,5339931.974214,507.865609
692110.478446,5339926.293438,507.892128
692111.022203,5339920.606322,507.917452
692111.570749,5339914.859362,507.935825
692112.121334,5339909.103977,507.951854
692112.680188,5339903.304349,507.969696
692113.249785,5339897.519888,507.994037
692113.834427,5339891.71142,508.015167
692114.418532,5339885.916204,508.036892
692114.996743,5339880.100935,508.05922
692115.562049,5339874.315154,508.077861
692116.113111,5339868.535427,508.10257
692116.649755,5339862.844847,508.121653
692117.182815,5339857.176569,508.141375
692117.714679,5339851.540341,508.156135
692118.240122,5339845.905857,508.176691
692118.754558,5339840.3084,508.202582
692119.261787,5339834.703056,508.226393
692119.777404,5339829.127161,508.245169
692120.299932,5339823.539119,508.262507
692120.815605,5339817.992342,508.286445
692121.33249,5339812.44162,508.312075
692121.848948,5339806.944013,508.333892
692122.354079,5339801.479346,508.357655
692122.858266,5339796.070752,508.376328
692123.365305,5339790.635785,508.385351
692123.874273,5339785.190685,508.410047
692124.396794,5339779.700395,508.428004
692124.918781,5339774.207365,508.450227
692125.450969,5339768.665801,508.463614
692125.987253,5339763.133762,508.475229
692126.532337,5339757.547987,508.484637
692127.095494,5339751.944645,508.492186
692127.684082,5339746.261555,508.500297
692128.288217,5339740.532506,508.514841
692128.89697,5339734.70413,508.52759
692129.499643,5339728.825241,508.537535
692130.088379,5339722.822834,508.510652
692130.676066,5339716.767515,508.481665
692131.27972,5339710.610486,508.464976
692131.897522,5339704.402522,508.447199
692132.529824,5339698.127555,508.429311
692133.187407,5339691.842622,508.416945
692133.8515,5339685.509744,508.38976
692134.498432,5339679.255417,508.362779
692135.13972,5339673.046563,508.355085
692135.756925,5339666.934585,508.352122
692136.340484,5339660.873329,508.348818
692136.888641,5339654.914158,508.345571
692137.407135,5339649.012974,508.344609
692137.905062,5339643.213664,508.342394
692138.395882,5339637.477697,508.339644
692138.874365,5339631.840593,508.338774
692139.372166,5339626.267159,508.34054
692139.872363,5339620.846538,508.343563
692140.357284,5339615.672286,508.345961
692140.832449,5339610.821447,508.332594
692141.253879,5339606.390367,508.331072
692141.624673,5339602.41141,508.331958
692141.954645,5339598.82747,508.330854
692142.244961,5339595.661961,508.326224
692142.50626,5339592.838001,508.321836
692142.733458,5339590.355011,508.316656
692142.928863,5339588.207167,508.312371
692143.086127,5339586.453141,508.308131
692143.198318,5339585.21408,508.303783
692143.26135,5339584.506136,508.300492
692143.300762,5339584.04926,508.305487
692143.352823,5339583.462348,508.306085
692143.448517,5339582.393601,508.307465
692143.596886,5339580.738162,508.301337
692143.785249,5339578.6268,508.297201
692144.014555,5339576.078301,508.28805
692144.25554,5339573.42263,508.272714
692144.499615,5339570.718787,508.272575
692144.783238,5339567.66398,508.26343
692145.114607,5339564.251628,508.259561
692145.49115,5339560.489804,508.247184
692145.904621,5339556.361055,508.235527
692146.352151,5339551.895821,508.218698
692146.809694,5339547.378352,508.203623
692147.263424,5339542.837355,508.194962
692147.733878,5339538.108185,508.185944
692148.21845,5339533.214004,508.177024
692148.727697,5339528.100316,508.169736
692149.261102,5339522.783118,508.156175
692149.819546,5339517.234978,508.146378
692150.394405,5339511.561396,508.128309
692150.965543,5339505.90868,508.120393
692151.536304,5339500.232757,508.121216
692152.109431,5339494.482991,508.120073
692152.662181,5339488.693946,508.124407
692153.219415,5339482.824581,508.123931
692153.776079,5339476.95533,508.12939
692154.331946,5339471.042002,508.131712
692154.888583,5339465.104425,508.13981
692155.456706,5339459.070858,508.148082
692156.043276,5339452.977135,508.150516
692156.631858,5339446.778015,508.158375
692157.221167,5339440.568538,508.164833
692157.810863,5339434.340566,508.167138
692158.38924,5339428.137347,508.175811
692158.961043,5339421.906019,508.1784
692159.525876,5339415.694211,508.183929
692160.071589,5339409.441901,508.188905
692160.605308,5339403.198679,508.196903
692161.114323,5339396.907262,508.198095
692161.556745,5339390.635493,508.198879
692161.952094,5339384.362211,508.222087
692162.292801,5339378.085569,508.277973
692162.563686,5339371.800228,508.274293
692162.89069,5339365.547688,508.282831
692163.27598,5339359.279084,508.303341
692163.73547,5339353.093635,508.322411
692164.208717,5339346.971092,508.362343
692164.678079,5339340.950076,508.39343
692165.153903,5339335.014025,508.420279
692165.620381,5339329.185899,508.45207
692166.084385,5339323.51705,508.466065
692166.500815,5339318.197764,508.491122
692166.848906,5339313.246572,508.513438
692167.073687,5339308.772703,508.529754
692167.068055,5339304.747182,508.557475
692166.865216,5339301.186798,508.578654
692166.527912,5339297.947857,508.598757
692166.019945,5339294.819693,508.604884
692165.355239,5339291.914801,508.613496
692164.514135,5339289.358605,508.626615
692163.339966,5339286.988041,508.619283
692161.749516,5339284.946007,508.627387
692159.770892,5339283.317991,508.645761
692157.600058,5339282.128962,508.652622
692155.249914,5339281.298762,508.661673
692152.730806,5339280.654324,508.669478
692149.986218,5339280.138333,508.680041
692147.040101,5339279.750147,508.687462
692143.866358,5339279.453099,508.697352
692140.468692,5339279.226338,508.719998
692136.840226,5339278.992713,508.747124
692132.961943,5339278.705898,508.759928
692128.834795,5339278.422448,508.783462
692124.471692,5339278.151329,508.812853
692119.851308,5339277.892562,508.823682
692115.173267,5339277.652253,508.835499
692110.501028,5339277.429768,508.837559
692105.61616,5339277.208317,508.823984
692100.463445,5339276.989106,508.792297
692095.064484,5339276.719828,508.747351
692089.384551,5339276.426355,508.683
692083.585903,5339276.061506,508.579216
692077.781811,5339275.70555,508.484159
692071.970311,5339275.35397,508.359876
692066.090585,5339274.975753,508.228351
692060.12028,5339274.605865,508.078228
692053.9999,5339274.216627,507.902234
692047.763568,5339273.77278,507.658264
692041.357769,5339273.28513,507.410749
692034.822805,5339272.786396,507.144638
692028.154056,5339272.274858,506.890219
692021.363258,5339271.746309,506.671653
692014.432055,5339271.208414,506.49574
692007.427086,5339270.595423,506.350205
692000.314004,5339269.917829,506.230952
691993.177927,5339269.167038,506.154497
691986.018743,5339268.364644,506.109402
691978.896308,5339267.525916,506.111974
691971.741119,5339266.681787,506.098712
691964.611941,5339265.891526,506.085366
691957.446799,5339265.154389,506.089895
691950.274808,5339264.470872,506.103961
691943.046102,5339263.837129,506.122814
691935.828529,5339263.230272,506.117031
691928.546664,5339262.66423,506.118637
691921.276135,5339262.169276,506.135965
691913.948317,5339261.755967,506.141648
691906.652506,5339261.431905,506.132343
691899.327851,5339261.240281,506.147334
691892.038393,5339261.150428,506.148802
691884.729584,5339261.183502,506.147923
691877.447884,5339261.337065,506.131796
691870.141899,5339261.610892,506.147257
691862.836891,5339261.933389,506.145258
691855.471712,5339262.304254,506.148017
691848.088968,5339262.702225,506.143248
691840.660743,5339263.154618,506.149461
691833.238934,5339263.633584,506.171245
691825.775729,5339264.175693,506.183054
691818.344917,5339264.773117,506.17626
691810.899068,5339265.417477,506.19539
691803.483988,5339266.084034,506.202337
691796.053311,5339266.757278,506.216614
691788.660194,5339267.420286,506.225422
691781.255326,5339268.074153,506.220481
691773.887691,5339268.734234,506.22895
691766.467889,5339269.415757,506.24083
691759.045666,5339270.100632,506.244414
691751.567026,5339270.79417,506.25731
691744.090377,5339271.512456,506.27131
691736.57249,5339272.252302,506.277035
691729.078432,5339272.978881,506.281639
691721.552785,5339273.700816,506.289803
691714.051559,5339274.39091,506.293727
691706.515693,5339275.103769,506.314649
691698.995995,5339275.811716,506.317253
691691.456967,5339276.493873,506.315475
691683.938151,5339277.164311,506.322848
691676.39514,5339277.857086,506.337341
691668.882401,5339278.557629,506.350703
691661.33413,5339279.232967,506.345214
691653.823603,5339279.90857,506.354777
691646.278211,5339280.609456,506.366829
691638.772266,5339281.289294,506.395924
691631.230163,5339281.976356,506.406892
691623.714067,5339282.663571,506.38809
691616.168794,5339283.366555,506.392918
691608.651144,5339284.089005,506.383333
691601.120931,5339284.827135,506.371067
691593.614317,5339285.582446,506.343926
691586.086923,5339286.365033,506.317253
691578.593922,5339287.143801,506.284748
691571.056641,5339287.928308,506.251748
691563.542717,5339288.730929,506.200258
691555.990956,5339289.539202,506.178999
691548.471231,5339290.377628,506.150484
691540.919572,5339291.246969,506.125703
691533.387513,5339292.149431,506.110057
691525.811625,5339293.056007,506.080414
691518.256311,5339293.993065,506.065137
691510.667625,5339294.959152,506.042362
691503.102251,5339295.964891,506.037889
691495.479433,5339296.98812,506.049316
691487.863112,5339298.018251,506.061238
691480.205171,5339299.071911,506.081306
691472.543061,5339300.127711,506.131386
691464.839678,5339301.194654,506.187144
691457.199643,5339302.207045,506.305909
691449.601754,5339303.092737,506.482205
691442.166987,5339303.814258,506.723914
691434.863488,5339304.383779,507.032512
691427.748508,5339304.810567,507.385667
691420.787981,5339305.030377,507.722204
691414.028752,5339305.095536,508.019239
691407.437996,5339304.985651,508.28719
691401.022537,5339304.710799,508.514219
691394.739474,5339304.397284,508.738886
691388.616921,5339304.104932,508.920884
691382.624236,5339303.89827,509.107817
691376.809039,5339303.71063,509.276019
691371.120723,5339303.545907,509.453515
691365.595535,5339303.47167,509.606108
691360.22972,5339303.493719,509.766044
691355.054876,5339303.600316,509.910938
691350.032725,5339303.777464,510.058523
691345.148636,5339303.989175,510.199984
691340.361376,5339304.203705,510.339823
691335.707402,5339304.365876,510.456436
691331.139303,5339304.380989,510.575446
691326.782782,5339304.314899,510.686494
691322.70623,5339304.208929,510.765014
691319.050816,5339304.078267,510.823683
691315.73604,5339303.92804,510.865115
691312.924934,5339303.773971,510.903072
691310.653231,5339303.616516,510.933425
691308.871244,5339303.483031,510.958827
691307.555386,5339303.374174,510.97303
691306.759961,5339303.307114,510.982356
691306.42495,5339303.280752,510.986529
691305.967766,5339303.240449,510.998831
691305.121823,5339303.160103,511.010055
691303.801639,5339303.04783,511.030339
691302.088833,5339302.871632,511.047243
691300.142028,5339302.679974,511.073461
691298.246603,5339302.455841,511.091631
691296.355358,5339302.263437,511.132881
691294.423456,5339302.055182,511.162657
691292.412635,5339301.890604,511.186311
691290.357735,5339301.983338,511.211325
691288.288999,5339302.481345,511.21598
691286.373226,5339303.446026,511.224259
691284.683376,5339304.861126,511.225836
691283.309748,5339306.67102,511.211741
691282.326302,5339308.851488,511.197017
691281.715308,5339311.282357,511.159998
691281.477842,5339313.968387,511.102411
691281.543273,5339316.849138,511.027658
691281.801338,5339319.976912,510.941334
691282.150248,5339323.356512,510.858856
691282.523557,5339327.08191,510.764623
691282.940401,5339331.032045,510.651158
691283.339306,5339335.009277,510.563456
691283.711939,5339339.069209,510.475496
691284.053724,5339343.231725,510.384517
691284.368251,5339347.508692,510.281883
691284.694654,5339351.887922,510.192042
691285.01301,5339356.377907,510.109489
691285.325571,5339360.922682,510.064905
691285.606894,5339365.51091,510.020992
691285.86755,5339370.15454,509.974389
691286.089292,5339374.797435,509.939923
691286.240023,5339379.471458,509.912767
691286.315803,5339384.139607,509.904137
691286.335199,5339388.854283,509.869976
691286.318674,5339393.569568,509.804437
691286.236902,5339398.307588,509.791567
691286.070948,5339403.044814,509.770937
691285.796713,5339407.780762,509.731692
691285.436445,5339412.515725,509.699569
691284.996149,5339417.284955,509.690835
691284.48756,5339422.120727,509.68082
691283.966749,5339427.07207,509.640599
691283.45327,5339432.087908,509.640853
691282.936548,5339437.232672,509.62676
691282.424061,5339442.439401,509.615371
691281.908101,5339447.801887,509.597357
691281.39783,5339453.250211,509.57635
691280.888622,5339458.695378,509.56238
691280.379172,5339464.084009,509.539573
691279.865081,5339469.409363,509.521508
691279.354963,5339474.647555,509.510383
691278.912872,5339479.87994,509.510084
691278.530945,5339485.107214,509.486844
691278.171602,5339490.338165,509.464128
691277.828228,5339495.582349,509.461994
691277.492858,5339500.852103,509.453267
691277.130558,5339506.125805,509.445196
691276.785412,5339511.459331,509.430295
691276.416729,5339516.813397,509.407289
691275.998413,5339522.233977,509.410118
691275.516478,5339527.675209,509.392891
691274.930692,5339533.157804,509.384832
691274.250615,5339538.655275,509.3816
691273.589568,5339544.190078,509.360597
691272.982583,5339549.723929,509.339383
691272.420082,5339555.295556,509.329277
691271.931218,5339560.834387,509.327944
691271.463999,5339566.380194,509.302931
691271.002988,5339571.855916,509.291759
691270.543931,5339577.283787,509.268811
691270.113135,5339582.639051,509.256889
691269.701061,5339588.018736,509.246769
691269.302298,5339593.4334,509.241249
691268.900052,5339598.979531,509.237903
691268.505397,5339604.659012,509.237185
691268.067781,5339610.532953,509.226302
691267.589643,5339616.543805,509.227875
691267.07911,5339622.686524,509.213745
691266.559413,5339628.767589,509.220348
691265.99818,5339634.964428,509.21026
691265.444911,5339641.211619,509.194757
691264.870444,5339647.537147,509.173555
691264.326295,5339653.837571,509.173971
691263.758766,5339660.155647,509.161864
691263.185489,5339666.439291,509.14729
691262.586701,5339672.729505,509.147344
691261.989456,5339678.979733,509.138842
691261.445412,5339685.245182,509.11879
691260.918653,5339691.459102,509.119496
691260.417709,5339697.68778,509.122247
691259.906421,5339703.869224,509.112834
691259.389311,5339710.059796,509.106747
691258.885448,5339716.210296,509.118053
691258.345715,5339722.372933,509.097126
691257.818835,5339728.501095,509.102662
691257.282429,5339734.637688,509.104028
691256.74678,5339740.69752,509.084528
691256.208031,5339746.725827,509.08681
691255.669883,5339752.661376,509.087073
691255.155124,5339758.563142,509.059781
691254.677656,5339764.405855,509.060699
691254.189748,5339770.256412,509.062058
691253.707589,5339776.067409,509.058704
691253.21778,5339781.905163,509.058696
691252.748595,5339787.720973,509.05162
691252.267892,5339793.574286,509.041853
691251.771843,5339799.415881,509.040262
691251.25032,5339805.306684,509.042615
691250.677324,5339811.187336,509.061441
691250.115082,5339817.120109,509.020274
691249.54882,5339823.059595,508.993486
691249.004364,5339829.03163,508.975398
691248.453214,5339834.99641,508.944668
691247.934559,5339840.956165,508.918754
691247.44326,5339846.888445,508.89515
691246.973591,5339852.831105,508.878212
691246.533578,5339858.736693,508.856904
691246.097904,5339864.639333,508.837234
691245.65286,5339870.491362,508.825711
691245.188336,5339876.325715,508.810358
691244.710391,5339882.117005,508.78738
691244.221943,5339887.887193,508.778253
691243.67586,5339893.600702,508.753635
691243.120498,5339899.331381,508.768278
691242.540333,5339905.02345,508.753654
691241.983882,5339910.722052,508.747844
691241.407662,5339916.379241,508.730171
691240.847335,5339922.012175,508.723121
691240.347998,5339927.573193,508.698513
691239.908447,5339933.092492,508.688176
691239.52039,5339938.529288,508.676898
691239.164822,5339943.891972,508.657025
691238.8172,5339949.034793,508.64811
691238.456637,5339953.847185,508.63952
691238.121179,5339958.147804,508.633507
691237.797415,5339962.095343,508.630445
691237.500976,5339965.682741,508.624868
691237.238292,5339968.908459,508.614279
691237.013555,5339971.718053,508.611732
691236.812972,5339974.160311,508.602526
691236.650959,5339976.17901,508.600473
691236.528085,5339977.664702,508.596513
691236.457682,5339978.541362,508.599449
691236.427005,5339978.938309,508.603588
691236.400896,5339979.281315,508.608376
691236.346503,5339979.918105,508.604636
691236.258171,5339981.027014,508.597459
691236.132361,5339982.589978,508.587525
691235.976519,5339984.478036,508.580039
691235.7961,5339986.709039,508.570255
691235.609274,5339989.006436,508.56404
691235.4024,5339991.36906,508.559865
691235.176464,5339994.003453,508.548324
691234.936801,5339996.861136,508.538083
691234.662132,5339999.982377,508.533048
691234.364217,5340003.376158,508.519851
691234.040257,5340007.053193,508.491834
691233.662657,5340010.982012,508.455098
691233.288966,5340015.190549,508.437247
691232.899355,5340019.658757,508.419918
691232.45743,5340024.351675,508.390032
691232.03013,5340029.038858,508.373185
691231.579564,5340033.738631,508.356913
691231.136656,5340038.523399,508.336508
691230.691102,5340043.406524,508.318096
691230.257564,5340048.35268,508.303997
691229.823803,5340053.434244,508.281976
691229.391685,5340058.617586,508.261736
691228.943602,5340063.946466,508.239087
691228.513495,5340069.394069,508.209261
691228.074848,5340074.991486,508.193321
691227.620479,5340080.709375,508.163138
691227.154892,5340086.57443,508.144444
691226.679475,5340092.550038,508.126112
691226.216643,5340098.644396,508.092415
691225.746226,5340104.673274,508.057334
691225.307934,5340110.730942,508.034095
691224.851597,5340116.810601,508.008048
691224.412285,5340122.926017,507.998404
691223.963034,5340128.982137,507.970555
691223.449908,5340134.997622,507.93229
691222.960077,5340140.936348,507.920066
691222.427592,5340146.8535,507.87378
691221.914039,5340152.74099,507.852772
691221.36819,5340158.665206,507.814431
691220.834975,5340164.571808,507.798645
691220.30961,5340170.507101,507.782248
691219.825368,5340176.432836,507.728554
691219.349947,5340182.356175,507.695641
691218.861173,5340188.256786,507.646942
691218.34324,5340194.16226,507.607753
691217.787647,5340200.018438,507.587711
691217.215552,5340205.872636,507.550492
691216.653221,5340211.649153,507.519698
691216.113855,5340217.382657,507.497753
691215.58267,5340223.022961,507.467208
691215.071186,5340228.613148,507.426878
691214.584974,5340234.115063,507.398158
691214.099517,5340239.565021,507.348733
691213.625078,5340244.926763,507.325164
691213.161892,5340250.223031,507.310774
691212.697778,5340255.452608,507.280475
691212.269166,5340260.595712,507.262824
691211.857962,5340265.687157,507.224996
691211.509684,5340270.744392,507.173679
691211.293818,5340275.713559,507.135069
691211.300699,5340280.652081,507.113367
691211.488116,5340285.501874,507.085232
691211.740785,5340290.280558,507.041568
691211.953258,5340294.916501,506.980902
691212.047471,5340299.318804,506.93684
691212.063626,5340303.362962,506.893285
691212.036845,5340306.966431,506.859066
691211.977927,5340310.004251,506.835
691211.905261,5340312.43427,506.81198
691211.832724,5340314.149772,506.792831
691211.781265,5340315.292646,506.780015
691211.747868,5340315.915331,506.767709
691211.721182,5340316.400906,506.773
691211.685191,5340316.991386,506.770568
691211.624222,5340317.887738,506.770869
691211.534931,5340319.016318,506.768945
691211.423451,5340320.291823,506.772866
691211.279092,5340321.755433,506.772547
691211.124805,5340323.371699,506.775743
691211.050246,5340325.125479,506.77411
691211.214042,5340327.013783,506.767087
691211.684455,5340328.843112,506.765582
691212.523694,5340330.525592,506.782845
691213.684933,5340332.091196,506.770973
691215.242786,5340333.430367,506.760202
691217.102503,5340334.495898,506.733085
691219.250481,5340335.296475,506.71233
691221.659331,5340335.920573,506.698402
691224.375583,5340336.348196,506.688101
691227.352742,5340336.681238,506.679376
691230.622087,5340336.957007,506.667743
691234.157331,5340337.246991,506.649087
691237.883236,5340337.556776,506.626478
691241.565289,5340337.846433,506.62095
691245.36682,5340338.142523,506.616651
691249.275467,5340338.460346,506.608112
691253.297093,5340338.795893,506.597953
691257.32016,5340339.131633,506.582012
691261.309854,5340339.457797,506.572255
691265.212783,5340339.800716,506.55979
691269.045894,5340340.132479,506.554965
691272.808179,5340340.536296,506.549596
691276.610447,5340340.986415,506.542791
691280.42361,5340341.537207,506.538173
691284.336512,5340342.182193,506.526423
691288.372517,5340342.802197,506.509747
691292.573026,5340343.347992,506.4959
691296.918465,5340343.771559,506.483416
691301.464308,5340344.011097,506.467151
691306.156857,5340344.077367,506.445078
691311.031525,5340344.116166,506.423893
691316.060018,5340344.237787,506.398513
691321.286342,5340344.453651,506.369792
691326.669498,5340344.75135,506.341995
691332.247471,5340345.114308,506.317036
691337.81119,5340345.475912,506.303572
691343.429067,5340345.842644,506.272869
691349.111805,5340346.200844,506.25356
691354.879833,5340346.597442,506.224446
691360.644905,5340347.028937,506.201468
691366.444501,5340347.491403,506.187342
691372.25564,5340347.935723,506.162549
691378.06779,5340348.39788,506.137083
691383.856606,5340348.848342,506.108287
691389.651637,5340349.301168,506.073368
691395.389038,5340349.772998,506.053552
691401.113359,5340350.254429,506.041749
691406.741017,5340350.712539,506.012543
691412.308505,5340351.144331,506.004788
691417.79204,5340351.560836,506.002436
691423.200213,5340351.984946,506.025582
691428.472807,5340352.416154,506.033099
691433.522298,5340352.836389,506.037151
691438.146087,5340353.231626,506.032237
691442.318782,5340353.565351,506.015176
691445.949273,5340353.836902,506.009895
691449.000555,5340354.050689,506.003003
691451.46221,5340354.239983,506.020353
691453.486421,5340354.409229,506.029286
691454.988373,5340354.522286,506.038068
691455.959886,5340354.597922,506.042742
691456.48212,5340354.637326,506.046889
691456.905654,5340354.666481,506.064188
691457.675358,5340354.722292,506.075245
691458.997938,5340354.826804,506.08762
691460.74439,5340354.962613,506.100462
691462.866636,5340355.131818,506.121766
691465.334854,5340355.329101,506.13744
691467.773547,5340355.528311,506.163916
691470.378321,5340355.739392,506.188982
691473.285348,5340355.995922,506.205707
691476.554682,5340356.328965,506.220671
691480.190882,5340356.729847,506.229939
691484.208687,5340357.181705,506.230684
691488.582037,5340357.68025,506.228012
691493.326414,5340358.221021,506.239438
691498.269208,5340358.736893,506.25498
691503.20079,5340359.207837,506.283478
691508.296682,5340359.671648,506.305025
691513.675061,5340360.152582,506.330653
691519.310488,5340360.64205,506.353892
691525.259261,5340361.124222,506.378985
691531.469146,5340361.61368,506.408836
691537.815924,5340362.089463,506.420658
691544.07632,5340362.57266,506.449394
691550.432728,5340363.07798,506.469317
691556.856925,5340363.617783,506.491448
691563.396397,5340364.13573,506.513202
691570.004435,5340364.659696,506.531621
691576.708091,5340365.181647,506.560104
691583.417859,5340365.705305,506.588857
691590.170412,5340366.251626,506.612773
691596.941123,5340366.789883,506.651094
691603.781105,5340367.339713,506.680903
691610.637438,5340367.903828,506.708117
691617.557049,5340368.474492,506.729586
691624.488107,5340369.045378,506.755919
691631.46805,5340369.607463,506.773159
691638.457145,5340370.197352,506.79276
691645.488783,5340370.801188,506.79402
691652.501142,5340371.38349,506.798323
691659.523727,5340371.953681,506.775811
691666.438281,5340372.533228,506.760966
691673.316462,5340373.10937,506.727459
691680.093321,5340373.692937,506.693386
691686.832819,5340374.28114,506.66
691693.467939,5340374.854176,506.633628
691700.06215,5340375.429693,506.599205
691706.567674,5340375.970828,506.563268
691713.030964,5340376.490491,506.529257
691719.402193,5340376.998711,506.493094
691725.733718,5340377.512882,506.455947
691732.019606,5340378.029835,506.423761
691738.333395,5340378.55143,506.390666
691744.62461,5340379.076173,506.35505
691750.932984,5340379.610772,506.320906
691757.215784,5340380.124081,506.284806
691763.513392,5340380.635808,506.264137
691769.783584,5340381.15142,506.231685
691776.044313,5340381.661798,506.206884
691782.227603,5340382.157299,506.173062
691788.372434,5340382.647356,506.138882
691794.438443,5340383.118299,506.106499
691800.464337,5340383.58799,506.079963
691806.430035,5340384.064138,506.044811
691812.384272,5340384.542753,506.023205
691818.293295,5340385.040413,506.012636
691824.216729,5340385.547679,505.982917
691830.103863,5340386.062619,505.959179
691836.028814,5340386.53869,505.949887
691841.945546,5340386.968031,505.970604
691847.938804,5340387.429963,505.970944
691853.939491,5340387.846993,505.982432
691860.020382,5340388.216266,505.994754
691866.131185,5340388.53054,506.014867
691872.311924,5340388.776281,506.031594
691878.482597,5340388.979735,506.048613
691884.615429,5340389.191074,506.058959
691890.645543,5340389.482952,506.090309
691896.611956,5340389.846942,506.110109
691902.486864,5340390.232536,506.112719
691908.295538,5340390.633566,506.123531
691914.005288,5340391.003825,506.142585
691919.668141,5340391.366658,506.170745
691925.23368,5340391.728499,506.174605
691930.740008,5340392.083843,506.184632
691936.137495,5340392.441108,506.199722
691941.470942,5340392.804597,506.217869
691946.690014,5340393.194228,506.227738
691951.858173,5340393.60329,506.230555
691956.925456,5340394.000286,506.24596
691961.92654,5340394.395792,506.261084
691966.828441,5340394.788994,506.27248
691971.658445,5340395.17484,506.286747
691976.383183,5340395.573276,506.298725
691981.050516,5340395.974102,506.306654
691985.619877,5340396.363904,506.3137
691990.136876,5340396.742395,506.310518
691994.453157,5340397.107703,506.33439
691998.62726,5340397.453675,506.33927
692002.613792,5340397.787558,506.352613
692006.350978,5340398.102913,506.359021
692009.755573,5340398.397164,506.362194
692012.828991,5340398.658246,506.364702
692015.574025,5340398.888871,506.370419
692018.079928,5340399.075207,506.366252
692020.259843,5340399.258659,506.375028
692022.171238,5340399.408763,506.37826
692023.740612,5340399.533409,506.384429
692024.99647,5340399.631557,506.385614
692025.952288,5340399.707658,506.388665
692026.655227,5340399.765633,506.390681
692027.121985,5340399.804033,506.39078
692027.573963,5340399.840398,506.400271
692028.117687,5340399.88464,506.405456
692029.052456,5340399.96444,506.41239
692030.365866,5340400.079269,506.416529
692031.827862,5340400.210867,506.421993
692033.38542,5340400.346125,506.432003
692035.081738,5340400.495076,506.441081
692036.862586,5340400.650911,506.444243
692038.693733,5340400.812178,506.443932
692040.453618,5340400.964979,506.442389
692042.099906,5340401.109045,506.446949
692043.755898,5340401.252452,506.447476
692045.418923,5340401.398131,506.446654
692047.061412,5340401.542512,506.443472
692048.677561,5340401.68133,506.435394
692050.166684,5340401.806114,506.429875
692051.512999,5340401.921019,506.436723
692052.70982,5340402.004369,506.442593
692053.757984,5340402.059977,506.454525
692054.759626,5340402.081581,506.468878
692055.954499,5340402.062954,506.478043
692057.310034,5340401.962063,506.488723
692058.870885,5340401.71279,506.497805
692060.572694,5340401.257525,506.502275
692062.351055,5340400.506056,506.506688
692064.058439,5340399.364581,506.528413
692065.528473,5340397.929668,506.548279
692066.785786,5340396.197751,506.564591
692067.833558,5340394.147142,506.572784
692068.615914,5340391.781725,506.572714
692069.093535,5340389.110938,506.571608
692069.410973,5340386.203247,506.577298
692069.676962,5340382.991856,506.584791
692069.992077,5340379.498278,506.592013
692070.332293,5340375.662992,506.603081
692070.681795,5340371.527362,506.589248
692070.994124,5340367.381963,506.590621
692071.283884,5340363.223604,506.589508
692071.620431,5340358.965807,506.591407
692071.965098,5340354.622004,506.580908
692072.336963,5340350.165796,506.568763
692072.729131,5340345.606483,506.552764
692073.121434,5340340.917282,506.536469
692073.512089,5340336.201716,506.517209
692073.930175,5340331.439546,506.510445
692074.305555,5340326.643267,506.497849
692074.652808,5340321.806091,506.477713
692075.009975,5340316.969526,506.484713
692075.423796,5340312.056408,506.492936
692075.829211,5340307.117382,506.5199
692076.263427,5340302.108159,506.5342
692076.697157,5340297.034533,506.533165
692077.140918,5340291.858692,506.536302
692077.593067,5340286.620629,506.543579
692078.065064,5340281.326054,506.559437
692078.523514,5340276.055662,506.5802
692078.988632,5340270.779783,506.605498
692079.467236,5340265.533578,506.635087
692079.945899,5340260.243471,506.667599
692080.429233,5340254.916857,506.690015
692080.914347,5340249.505468,506.71872
692081.387744,5340244.03858,506.747569
692081.861349,5340238.478263,506.777133
692082.340315,5340232.848785,506.802539
692082.83111,5340227.098435,506.828099
692083.331711,5340221.268065,506.849483
692083.846646,5340215.350177,506.873292
692084.343213,5340209.491299,506.901356
692084.837777,5340203.635823,506.934151
692085.328388,5340197.775576,506.95922
692085.84133,5340191.865258,506.988529
692086.359334,5340185.961464,507.017467
692086.870178,5340180.053011,507.046972
692087.378224,5340174.191079,507.079646
692087.893385,5340168.327605,507.104105
692088.402906,5340162.523843,507.135774
692088.947046,5340156.74939,507.158411
692089.491981,5340151.065675,507.180752
692090.028856,5340145.443046,507.195582
692090.526605,5340139.931188,507.229435
692091.02351,5340134.482969,507.256834
692091.499762,5340129.144411,507.289322
692091.962319,5340123.868365,507.321147
692092.40543,5340118.69378,507.349362
692092.8524,5340113.597516,507.38197
692093.283795,5340108.600944,507.403272
692093.703182,5340103.670785,507.417425
692094.117732,5340098.833763,507.429858
692094.528894,5340094.062565,507.447072
692094.923812,5340089.39121,507.470478
692095.316757,5340084.785966,507.493336
692095.698239,5340080.274488,507.505528
692096.064535,5340075.826956,507.528414
692096.430847,5340071.468067,507.551136
692096.799568,5340067.17795,507.570238
692097.151604,5340063.026112,507.587329
692097.494474,5340059.073392,507.605021
692097.812065,5340055.43722,507.627027
692098.086341,5340052.161429,507.646626
692098.319686,5340049.428356,507.669154
692098.525347,5340047.134071,507.689703
692098.690825,5340045.246276,507.701394
692098.818972,5340043.820586,507.711669
692098.896309,5340042.938843,507.717439
692098.935505,5340042.498032,507.721068
692098.982383,5340041.967716,507.734314
692099.067474,5340041.043615,507.741771
692099.20132,5340039.617439,507.75109
692099.385312,5340037.721524,507.753118
692099.613951,5340035.407774,507.766338
692099.882107,5340032.697915,507.784036
692100.177405,5340029.916894,507.797854
692100.493076,5340027.055878,507.827838
692100.860406,5340023.834943,507.854088
692101.258372,5340020.254313,507.891829
692101.677712,5340016.288221,507.935125
692102.116887,5340011.949818,507.946196
692102.542448,5340007.467166,507.921465
692102.966993,5340003.025532,507.929828
692103.473037,5339998.325261,507.894334
692103.967742,5339993.465985,507.920433
692104.463331,5339988.382585,507.947223
692104.983023,5339983.081615,507.96024
692105.514838,5339977.536047,507.978609
692106.051071,5339971.797666,507.990107
692106.593182,5339965.894731,507.997412
692107.106749,5339960.074896,508.025878
692107.619342,5339954.168377,508.039884
692108.161251,5339948.223545,508.059265
692108.744823,5339942.211464,508.078579
692109.34004,5339936.19999,508.096202
692109.938323,5339930.158901,508.121205
692110.528973,5339924.1293,508.145029
692111.126583,5339918.07874,508.164757
692111.719154,5339912.065884,508.179318
692112.329781,5339906.040741,508.192576
692112.924568,5339900.040216,508.210727
692113.500167,5339894.008741,508.23166
692114.078191,5339887.997209,508.248829
692114.6737,5339881.95903,508.268003
692115.270629,5339875.930819,508.283573
692115.864964,5339869.870249,508.305413
692116.462869,5339863.811446,508.323473
692117.078104,5339857.723389,508.341659
692117.696333,5339851.63242,508.353373
692118.301715,5339845.495631,508.374403
692118.889894,5339839.341741,508.400063
692119.472999,5339833.133359,508.421288
692120.052244,5339826.924188,508.437467
692120.631679,5339820.666668,508.454543
692121.196007,5339814.414593,508.481403
692121.762811,5339808.11743,508.50332
692122.313994,5339801.831453,508.526265
692122.882191,5339795.492303,508.542419
692123.464545,5339789.166765,508.554345
692124.070149,5339782.796433,508.578419
692124.666068,5339776.467,508.594837
692125.274266,5339770.130638,508.616255
692125.928287,5339763.846397,508.62695
692126.60733,5339757.55069,508.635598
692127.280185,5339751.327989,508.641874
692127.937481,5339745.160703,508.650266
692128.57226,5339739.095189,508.662629
692129.199115,5339733.059095,508.668479
692129.79772,5339727.069457,508.672203
692130.396465,5339721.055303,508.640451
692130.994228,5339715.055125,508.609846
692131.608535,5339709.026305,508.592521
692132.210972,5339703.017111,508.570661
692132.795465,5339696.989932,508.552998
692133.38963,5339690.99369,508.536249
692133.975363,5339684.975776,508.50671
692134.543484,5339679.007563,508.477888
692135.108928,5339673.076208,508.467565
692135.652387,5339667.238881,508.459365
692136.176626,5339661.451737,508.454738
692136.682989,5339655.764711,508.448138
692137.179485,5339650.131152,508.445048
692137.652384,5339644.593302,508.440254
692138.123872,5339639.11307,508.436001
692138.583184,5339633.751417,508.432286
692139.049852,5339628.547066,508.428874
692139.500532,5339623.645447,508.428753
692139.910269,5339619.115969,508.431925
692140.29184,5339615.009021,508.425167
692140.636396,5339611.327986,508.411351
692140.922652,5339608.205815,508.401216
692141.151056,5339605.702743,508.398751
692141.328655,5339603.783421,508.394655
692141.459491,5339602.37992,508.391965
692141.556857,5339601.334272,508.39109
692141.625633,5339600.604154,508.387731
692141.659901,5339600.248276,508.385845
692141.714829,5339599.651403,508.38905
692141.781138,5339598.925602,508.38695
692141.876664,5339597.894987,508.384095
692142.007422,5339596.492184,508.379384
692142.168593,5339594.805259,508.377285
692142.353237,5339592.894194,508.37154
692142.559062,5339590.790074,508.365849
692142.772602,5339588.61547,508.357708
692142.990406,5339586.399257,508.356729
692143.232777,5339583.9496,508.348434
692143.49561,5339581.315501,508.346531
692143.788119,5339578.451529,508.343156
692144.110148,5339575.355589,508.338363
692144.460784,5339571.976801,508.330869
692144.832672,5339568.326609,508.321256
692145.232311,5339564.372021,508.312529
692145.653707,5339560.139109,508.29809
692146.098387,5339555.63914,508.281117
692146.540494,5339551.135973,508.264856
692146.985291,5339546.57718,508.252801
692147.445306,5339541.877454,508.239359
692147.921156,5339537.004435,508.228041
692148.407488,5339531.997502,508.215916
692148.914854,5339526.824168,508.206976
692149.429901,5339521.543151,508.190427
692149.953834,5339516.136746,508.179287
692150.483097,5339510.656373,508.163549
692151.010868,5339505.080458,508.154536
692151.548781,5339499.453197,508.151328
692152.092939,5339493.758301,508.148826
692152.618606,5339488.046964,508.149203
692153.147266,5339482.321579,508.147507
692153.657335,5339476.686777,508.150849
692154.164155,5339471.112575,508.151326
692154.67373,5339465.639115,508.156409
692155.178846,5339460.206722,508.162277
692155.689944,5339454.812501,508.1617
692156.1948,5339449.398612,508.165169
692156.692483,5339444.012093,508.17082
692157.187985,5339438.617217,508.172422
692157.678045,5339433.267928,508.175067
692158.166149,5339427.950131,508.178125
692158.647518,5339422.733346,508.179971
692159.123814,5339417.573564,508.182185
692159.579147,5339412.481748,508.185462
692160.014932,5339407.380479,508.188612
692160.440135,5339402.280951,508.191158
692160.830602,5339397.102835,508.187771
692161.123216,5339391.895805,508.1875
692161.358903,5339386.672114,508.187795
692161.590614,5339381.503469,508.254524
692161.817845,5339376.304361,508.252419
692162.085801,5339371.187673,508.246229
692162.402887,5339366.094762,508.263382
692162.738158,5339361.009972,508.275611
692163.088583,5339355.936142,508.28715
692163.468499,5339350.908285,508.305785
692163.866703,5339345.94738,508.341776
692164.289295,5339341.073553,508.363909
692164.730204,5339336.270596,508.386546
692165.171151,5339331.568074,508.414464
692165.62239,5339326.935337,508.434109
692166.060846,5339322.413978,508.450694
692166.462508,5339317.951527,508.469891
692166.779613,5339313.541794,508.487895
692166.926167,5339309.153627,508.505102
692166.878813,5339304.89089,508.531801
692166.661686,5339300.796111,508.552637
692166.2725,5339296.984081,508.569637
692165.676737,5339293.489357,508.56993
692164.862983,5339290.533151,508.584849
692163.953958,5339288.31961,508.589688
692163.131972,5339286.926861,508.598195
692162.415857,5339285.945329,508.608237
692161.669397,5339285.094294,508.611808
692160.885804,5339284.324643,508.618105
692160.084653,5339283.640585,508.622636
692159.22111,5339283.039566,508.631007
692158.206208,5339282.445822,508.634557
692156.98476,5339281.866211,508.63688
692155.524501,5339281.291925,508.640242
692153.775152,5339280.764566,508.644331
692151.738135,5339280.334008,508.654876
692149.414059,5339280.006593,508.661342
692146.852869,5339279.759975,508.665121
692144.056051,5339279.506443,508.680118
692140.999989,5339279.192829,508.698902
692137.658028,5339278.890265,508.725376
692134.028544,5339278.597751,508.743424
692130.110498,5339278.311752,508.760345
692126.169223,5339278.056757,508.785267
692122.200767,5339277.837603,508.801524
692118.100703,5339277.6263,508.817473
692113.764512,5339277.409664,508.830744
692109.21953,5339277.153726,508.829065
692104.408598,5339276.879313,508.810578
692099.369175,5339276.592345,508.776747
692094.184999,5339276.28532,508.730173
692089.021264,5339275.98963,508.672249
692083.73288,5339275.65766,508.58403
692078.349728,5339275.346531,508.493685
692072.808992,5339275.030402,508.383308
692067.179274,5339274.717951,508.253748
692061.402659,5339274.422935,508.108383
692055.533343,5339274.145592,507.946759
692049.511185,5339273.844615,507.726
692043.392948,5339273.495781,507.493672
692037.092537,5339273.116884,507.234251
692030.653547,5339272.704404,506.96695
692024.048832,5339272.221016,506.752757
692017.33825,5339271.727537,506.569198
692010.518853,5339271.149468,506.40875
692003.701724,5339270.530796,506.272577
691996.887486,5339269.839058,506.187514
691990.139985,5339269.089411,506.126382
691983.430699,5339268.32942,506.105403
691976.799713,5339267.553531,506.103791
691970.214405,5339266.79042,506.09463
691963.706991,5339266.051947,506.084603
691957.205306,5339265.352003,506.092947
691950.717676,5339264.710701,506.103717
691944.222523,5339264.131957,506.123579
691937.760159,5339263.621906,506.109989
691931.283925,5339263.172101,506.121477
691924.849971,5339262.767891,506.122939
691918.402236,5339262.406759,506.138562
691911.996592,5339262.13896,506.142925
691905.571517,5339261.9083,506.135487
691899.159903,5339261.788679,506.142316
691892.729294,5339261.746877,506.143709
691886.329035,5339261.78995,506.146383
691879.915232,5339261.873496,506.134282
691873.553899,5339262.008525,506.143286
691867.17321,5339262.17328,506.149734
691860.820154,5339262.356598,506.144505
691854.444403,5339262.585414,506.152653
691848.082689,5339262.855686,506.146991
691841.683895,5339263.2529,506.152228
691835.291318,5339263.720972,506.174362
691828.851367,5339264.201387,506.183212
691822.424425,5339264.685293,506.186186
691816.029784,5339265.166671,506.182938
691809.781257,5339265.681133,506.197619
691803.799708,5339266.190862,506.204877
691798.122169,5339266.681673,506.216447
691792.549553,5339267.179273,506.22698
691787.071904,5339267.682459,506.228004
691781.595101,5339268.180865,506.226951
691776.105307,5339268.706993,506.232065
691770.592476,5339269.233588,506.240789
691765.070772,5339269.738668,506.246726
691759.480352,5339270.263754,506.250174
691753.849858,5339270.809555,506.258187
691748.136508,5339271.380769,506.273404
691742.374953,5339271.957001,506.277068
691736.513934,5339272.52031,506.281773
691730.602803,5339273.053065,506.287078
691724.592623,5339273.600991,506.295507
691718.535888,5339274.151333,506.297361
691712.415051,5339274.726882,506.306101
691706.279769,5339275.314088,506.322197
691700.087427,5339275.906924,506.326503
691693.88959,5339276.480913,506.32156
691687.638524,5339277.072255,506.329722
691681.379592,5339277.656753,506.3357
691675.052996,5339278.243897,506.348382
691668.698409,5339278.815614,506.358196
691662.260404,5339279.388687,506.354599
691655.804107,5339279.970214,506.355852
691649.274209,5339280.582097,506.372016
691642.730191,5339281.169812,506.382983
691636.113083,5339281.760806,506.410991
691629.47719,5339282.356525,506.407211
691622.805603,5339282.974076,506.393708
691616.159726,5339283.597731,506.399452
691609.499768,5339284.223167,506.391313
691602.926773,5339284.839028,506.380298
691596.378726,5339285.450733,506.363924
691589.896381,5339286.066294,506.342288
691583.365577,5339286.690208,506.306014
691576.839,5339287.341009,506.285998
691570.256114,5339288.036285,506.25574
691563.657145,5339288.776851,506.209949
691556.974582,5339289.531071,506.18924
691550.264199,5339290.309079,506.159487
691543.477308,5339291.12139,506.139754
691536.667568,5339291.948937,506.122445
691529.77704,5339292.791905,506.09074
691522.872752,5339293.670176,506.074571
691515.896156,5339294.587459,506.058727
691508.900702,5339295.510604,506.034152
691501.87339,5339296.467402,506.039838
691494.876817,5339297.414256,506.051364
691487.914156,5339298.358092,506.063374
691481.056756,5339299.288182,506.08095
691474.213947,5339300.20894,506.129109
691467.43062,5339301.107476,506.168523
691460.664745,5339301.969374,506.246078
691453.973488,5339302.757504,506.377906
691447.322372,5339303.468951,506.548554
691440.781158,5339304.054345,506.777805
691434.320386,5339304.530593,507.061045
691427.975666,5339304.89986,507.37174
691421.707348,5339305.136663,507.675797
691415.552177,5339305.28257,507.958134
691409.483939,5339305.259723,508.20418
691403.501669,5339305.074998,508.427393
691397.569926,5339304.843521,508.647258
691391.705641,5339304.570614,508.835652
691385.881851,5339304.30861,509.011239
691380.132002,5339304.039744,509.173201
691374.451725,5339303.731536,509.34917
691368.831747,5339303.54389,509.510878
691363.289426,5339303.506767,509.67011
691357.891904,5339303.566386,509.827452
691352.737034,5339303.727593,509.970603
691348.046406,5339303.942928,510.103798
691343.863819,5339304.174586,510.228371
691340.210568,5339304.386953,510.328939
691337.129114,5339304.552743,510.400567
691334.801407,5339304.60386,510.463634
691333.094814,5339304.619283,510.508336
691331.909552,5339304.612047,510.539233
691331.062294,5339304.60509,510.554938
691330.578447,5339304.609654,510.568841
691330.166585,5339304.598675,510.584102
691329.58016,5339304.590761,510.600903
691328.608124,5339304.586013,510.624881
691327.243006,5339304.573452,510.652518
691325.65078,5339304.529631,510.688311
691323.808133,5339304.48737,510.719198
691321.660531,5339304.405139,510.753874
691319.420467,5339304.284854,510.777044
691317.192656,5339304.139271,510.808229
691314.779622,5339303.956907,510.835489
691312.188204,5339303.744933,510.866128
691309.585517,5339303.528471,510.902716
691307.023878,5339303.294241,510.934505
691304.540148,5339303.03111,510.967094
691302.083752,5339302.759973,511.004411
691299.699123,5339302.471039,511.044793
691297.409049,5339302.178067,511.084375
691295.173897,5339301.906876,511.11097
691292.901137,5339301.862186,511.144421
691290.648852,5339302.099148,511.171337
691288.415801,5339302.708909,511.175278
691286.35182,5339303.741593,511.182874
691284.515685,5339305.21463,511.185073
691283.0238,5339307.110189,511.168601
691281.989398,5339309.402459,511.151157
691281.480616,5339312.013518,511.107195
691281.439945,5339314.843548,511.041386
691281.587295,5339317.835315,510.960057
691281.855045,5339321.112082,510.868403
691282.226019,5339324.64618,510.783421
691282.580198,5339328.522669,510.678486
691282.939021,5339332.651141,510.569548
691283.290857,5339336.836494,510.47721
691283.633643,5339341.140605,510.383519
691283.971694,5339345.660558,510.281242
691284.338759,5339350.365207,510.164815
691284.701765,5339355.251958,510.080639
691285.063672,5339360.265649,510.014439
691285.412464,5339365.422011,509.957229
691285.727713,5339370.626845,509.902693
691285.99107,5339375.893883,509.860472
691286.178664,5339381.1784,509.834907
691286.258746,5339386.575289,509.806314
691286.215254,5339392.035244,509.738423
691286.010003,5339397.556547,509.702968
691285.710378,5339403.154508,509.681853
691285.28914,5339408.82331,509.626216
691284.831296,5339414.528722,509.592431
691284.305341,5339420.297201,509.580596
691283.770428,5339426.11602,509.526255
691283.253122,5339431.968503,509.514655
691282.758282,5339437.854078,509.490793
691282.277773,5339443.780473,509.468732
691281.786187,5339449.707852,509.441661
691281.277499,5339455.686054,509.40998
691280.790187,5339461.667061,509.388831
691280.301866,5339467.648607,509.350583
691279.819642,5339473.603926,509.331088
691279.361777,5339479.60661,509.315138
691278.863683,5339485.590383,509.288631
691278.318727,5339491.56562,509.260931
691277.794955,5339497.531088,509.248859
691277.295485,5339503.469354,509.234865
691276.847586,5339509.33422,509.218425
691276.404963,5339515.157595,509.183837
691275.945605,5339520.886919,509.179115
691275.42347,5339526.574788,509.155555
691274.884115,5339532.157567,509.133503
691274.294377,5339537.706366,509.126796
691273.742455,5339543.171067,509.093922
691273.234343,5339548.593834,509.060456
691272.74776,5339553.918882,509.047187
691272.26463,5339559.192713,509.034577
691271.78943,5339564.393898,509.008419
691271.32766,5339569.524091,508.987972
691270.877858,5339574.587107,508.961703
691270.425371,5339579.606031,508.937505
691270.01714,5339584.578757,508.923341
691269.624312,5339589.524195,508.904788
691269.26798,5339594.393199,508.889972
691268.940442,5339599.201022,508.879048
691268.652761,5339603.91446,508.870369
691268.358306,5339608.502497,508.85573
691268.062326,5339612.862663,508.840847
691267.751793,5339617.074758,508.841819
691267.4269,5339621.197443,508.828688
691267.092228,5339625.242188,508.819002
691266.748392,5339629.19745,508.809901
691266.401717,5339633.095081,508.805135
691266.057897,5339636.912871,508.787254
691265.731482,5339640.656917,508.778815
691265.393576,5339644.332117,508.764912
691265.073255,5339647.990791,508.748986
691264.775156,5339651.62191,508.739061
691264.466715,5339655.281332,508.729652
691264.161498,5339658.968909,508.721602
691263.841143,5339662.711461,508.704851
691263.50615,5339666.47152,508.695781
691263.153487,5339670.290489,508.690341
691262.797206,5339674.131788,508.683251
691262.444806,5339678.049295,508.674811
691262.117361,5339682.032326,508.657985
691261.782779,5339686.109777,508.638626
691261.447911,5339690.208296,508.633825
691261.108012,5339694.31556,508.62958
691260.772556,5339698.33064,508.629535
691260.436509,5339702.296183,508.617164
691260.109914,5339706.166881,508.60543
691259.783033,5339709.966405,508.598996
691259.462295,5339713.665714,508.599057
691259.120509,5339717.298586,508.592552
691258.755324,5339720.834656,508.580028
691258.395275,5339724.37155,508.584028
691258.017127,5339727.937593,508.576893
691257.647994,5339731.546694,508.586291
691257.280119,5339735.213723,508.564119
691256.919909,5339738.929137,508.549424
691256.575671,5339742.676975,508.545769
691256.226406,5339746.507285,508.541758
691255.890778,5339750.342923,508.538639
691255.557668,5339754.207862,508.523615
691255.228,5339758.051858,508.504271
691254.901096,5339761.934277,508.493876
691254.575067,5339765.824562,508.495965
691254.235524,5339769.775685,508.486869
691253.894536,5339773.741243,508.477819
691253.523381,5339777.752545,508.478008
691253.162753,5339781.81398,508.468816
691252.810095,5339785.941754,508.458817
691252.459376,5339790.103993,508.452985
691252.107033,5339794.348166,508.437869
691251.752827,5339798.622359,508.429371
691251.405067,5339802.968949,508.427943
691251.04438,5339807.306592,508.428998
691250.661911,5339811.698823,508.421303
691250.30244,5339816.063794,508.393127
691249.932583,5339820.458734,508.367274
691249.584854,5339824.847237,508.337738
691249.223292,5339829.248388,508.318072
691248.836206,5339833.646389,508.292004
691248.443048,5339838.0569,508.265203
691248.048019,5339842.476396,508.243228
691247.64414,5339846.929291,508.222031
691247.24118,5339851.367821,508.202648
691246.856621,5339855.803696,508.182795
691246.486302,5339860.154173,508.167928
691246.132227,5339864.463579,508.148682
691245.788379,5339868.690436,508.135761
691245.456527,5339872.863665,508.117991
691245.130675,5339876.941871,508.105128
691244.802983,5339880.995786,508.085486
691244.47736,5339885.02142,508.072744
691244.121055,5339889.089086,508.047804
691243.744317,5339893.086784,508.032969
691243.372749,5339897.046469,508.040128
691242.977063,5339900.904698,508.030527
691242.64565,5339904.717132,508.018521
691242.335725,5339908.444188,508.00875
691242.042572,5339912.126001,507.993157
691241.756802,5339915.733865,507.975395
691241.47164,5339919.281539,507.965723
691241.184479,5339922.758598,507.950847
691240.909293,5339926.175314,507.931464
691240.642085,5339929.506781,507.917769
691240.380109,5339932.782327,507.907528
691240.120677,5339935.976929,507.898835
691239.86134,5339939.122019,507.887364
691239.61656,5339942.193439,507.875045
691239.378131,5339945.210775,507.865799
691239.13864,5339948.158335,507.858145
691238.902669,5339951.054095,507.853942
691238.675358,5339953.886864,507.845563
691238.463772,5339956.613209,507.834813
691238.269245,5339959.112155,507.827729
691238.096391,5339961.314474,507.820668
691237.960796,5339963.05826,507.814156
691237.85177,5339964.320716,507.808488
691237.789533,5339965.145639,507.805954
691237.742556,5339965.703549,507.802552
691237.716695,5339966.04659,507.800815
691237.685842,5339966.461844,507.806055
691237.642562,5339966.980321,507.805984
691237.574968,5339967.814592,507.801978
691237.474561,5339969.012527,507.79793
691237.347703,5339970.548488,507.792835
691237.19025,5339972.36426,507.786711
691237.006779,5339974.515507,507.776772
691236.800734,5339976.887349,507.759008
691236.597033,5339979.258076,507.755072
691236.379283,5339981.818218,507.751612
691236.142286,5339984.622549,507.751916
691235.881259,5339987.645868,507.749644
691235.592963,5339990.890165,507.759443
691235.283113,5339994.36459,507.747049
691234.953928,5339998.05865,507.747587
691234.594389,5340001.963981,507.748912
691234.217868,5340006.115226,507.729827
691233.799047,5340010.443109,507.700423
691233.393172,5340014.833469,507.679564
691232.99595,5340019.222939,507.676618
691232.553278,5340023.762512,507.660204
691232.105026,5340028.454347,507.651324
691231.631037,5340033.35099,507.644698
691231.169508,5340038.400837,507.633586
691230.706876,5340043.609023,507.622351
691230.265319,5340048.850561,507.617247
691229.831104,5340054.19029,507.604713
691229.394986,5340059.593694,507.594684
691228.946261,5340065.103752,507.578685
691228.511333,5340070.669977,507.563629
691228.051679,5340076.290161,507.556901
691227.584778,5340081.855426,507.537037
691227.121797,5340087.436288,507.530725
691226.667111,5340092.999408,507.524297
691226.230661,5340098.550462,507.507324
691225.785779,5340104.014524,507.485413
691225.367299,5340109.43871,507.474057
691224.950898,5340114.760194,507.4661
691224.552799,5340120.029621,507.467137
691224.172181,5340125.218968,507.453747
691223.788108,5340130.358403,507.434909
691223.387888,5340135.419961,507.424178
691223.02875,5340140.497806,507.422845
691222.648059,5340145.570492,507.397927
691222.266463,5340150.640965,507.386007
691221.862487,5340155.704428,507.362748
691221.46385,5340160.726958,507.346491
691221.056516,5340165.683605,507.341883
691220.655853,5340170.628321,507.344606
691220.275346,5340175.541203,507.314761
691219.839627,5340180.40481,507.295428
691219.392404,5340185.241596,507.270669
691218.930347,5340190.101818,507.242679
691218.481846,5340194.946456,507.227971
691218.038649,5340199.830628,507.221262
691217.601714,5340204.714803,507.203499
691217.164158,5340209.628668,507.185147
691216.744074,5340214.537125,507.177108
691216.331619,5340219.442838,507.162721
691215.917703,5340224.275781,507.143607
691215.50375,5340229.06154,507.123143
691215.096395,5340233.77991,507.109526
691214.681504,5340238.452571,507.077594
691214.266674,5340243.031985,507.067588
691213.83109,5340247.571953,507.052771
691213.407777,5340252.007882,507.075209
691212.973624,5340256.431182,507.044721
691212.56937,5340260.767438,507.044224
691212.169684,5340265.084442,507.028303
691211.796989,5340269.341754,506.998394
691211.515888,5340273.568327,506.966187
691211.456625,5340277.761443,506.952309
691211.639072,5340281.914608,506.946126
691212.000183,5340285.897567,506.926298
691212.391478,5340289.581365,506.897353
691212.671625,5340292.865673,506.862408
691212.82572,5340295.613426,506.834477
691212.859596,5340297.810653,506.823616
691212.826447,5340299.485099,506.813485
691212.782458,5340300.623338,506.80577
691212.749584,5340301.275059,506.80339
691212.73432,5340301.594451,506.814755
691212.704667,5340302.321992,506.805809
691212.668957,5340303.14616,506.805439
691212.611866,5340304.395786,506.797074
691212.529656,5340305.954179,506.787531
691212.421902,5340307.655642,506.779778
691212.302193,5340309.443281,506.776591
691212.165051,5340311.23573,506.770136
691212.016799,5340313.029967,506.768046
691211.863048,5340314.796906,506.756339
691211.731667,5340316.436053,506.748726
691211.60948,5340317.928885,506.745894
691211.483485,5340319.341731,506.750581
691211.35439,5340320.730614,506.752675
691211.227768,5340321.981384,506.752431
691211.119694,5340323.072811,506.755806
691211.039569,5340324.015148,506.757515
691211.019698,5340324.891332,506.761311
691211.045929,5340325.786214,506.760858
691211.133012,5340326.692615,506.759144
691211.276803,5340327.580379,506.757091
691211.482823,5340328.439173,506.760458
691211.763619,5340329.286235,506.764605
691212.110112,5340330.108369,506.774588
691212.494176,5340330.920034,506.776607
691212.969461,5340331.74296,506.775805
691213.592751,5340332.620357,506.773539
691214.38408,5340333.506252,506.768791
691215.372132,5340334.359204,506.752333
691216.580687,5340335.117175,506.738104
691218.013316,5340335.716322,506.727516
691219.61243,5340336.152093,506.714636
691221.384741,5340336.462398,506.702507
691223.35448,5340336.696903,506.692541
691225.579323,5340336.908134,506.681058
691228.042027,5340337.086188,506.667876
691230.538546,5340337.238815,506.655074
691233.157783,5340337.426431,506.64134
691236.037148,5340337.648342,506.62696
691239.138128,5340337.888051,506.615909
691242.485736,5340338.151446,506.607941
691246.091244,5340338.436052,506.599448
691249.989011,5340338.746064,506.591041
691254.137235,5340339.103348,506.581828
691258.553674,5340339.514363,506.568355
691263.20074,5340340.003711,506.5574
691268.024764,5340340.569298,506.546111
691272.805704,5340341.165153,506.534932
691277.732452,5340341.766294,506.521109
691282.78155,5340342.388007,506.504574
691287.992601,5340343.028834,506.481431
691293.316293,5340343.69919,506.465079
691298.788762,5340344.423883,506.456011
691304.324584,5340345.165532,506.440652
691309.923666,5340345.896646,506.422506
691315.532314,5340346.570207,506.411074
691321.184818,5340347.141799,506.388848
691326.819213,5340347.583408,506.364518
691332.462819,5340347.864593,506.342607
691338.066858,5340347.978524,506.322362
691343.680505,5340347.947719,506.291533
691349.262843,5340347.867431,506.262595
691354.89511,5340347.850454,506.226254
691360.564263,5340347.924008,506.19448
691366.309957,5340348.088361,506.1676
691372.086528,5340348.338053,506.133608
691377.906457,5340348.625944,506.09875
691383.714922,5340348.979137,506.066115
691389.548903,5340349.398987,506.025858
691395.332178,5340349.837421,506.003344
691401.124899,5340350.289638,505.991884
691406.934965,5340350.742493,505.960135
691412.848639,5340351.184024,505.954337
691418.842275,5340351.643784,505.955532
691424.946672,5340352.143727,505.977292
691431.110444,5340352.672491,505.986929
691437.396269,5340353.20379,505.987893
691443.753982,5340353.728317,505.961809
691450.195229,5340354.236495,505.957645
691456.645318,5340354.822105,506.002593
691463.167871,5340355.433672,506.051066
691469.694964,5340356.085983,506.104423
691476.276532,5340356.768827,506.12355
691482.895399,5340357.413168,506.14126
691489.61251,5340358.042759,506.133446
691496.349957,5340358.663413,506.151398
691503.164986,5340359.234379,506.180107
691509.985014,5340359.800013,506.201806
691516.851763,5340360.37324,506.226895
691523.702971,5340360.949053,506.250315
691530.575187,5340361.534695,506.280547
691537.420367,5340362.109585,506.301635
691544.274799,5340362.690485,506.324444
691551.104141,5340363.238463,506.342577
691557.963844,5340363.789141,506.360847
691564.81195,5340364.307864,506.380088
691571.707661,5340364.832558,506.395152
691578.599799,5340365.36776,506.420908
691585.548386,5340365.917298,506.446257
691592.490196,5340366.48323,506.473321
691599.490316,5340367.043285,506.507649
691606.489272,5340367.621777,506.532701
691613.539345,5340368.216303,506.551348
691620.572152,5340368.803646,506.578662
691627.658015,5340369.389265,506.589354
691634.715249,5340369.983724,506.61398
691641.811698,5340370.590867,506.622239
691648.891544,5340371.195333,506.612177
691656.021872,5340371.753203,506.607978
691663.13013,5340372.29795,506.585428
691670.266421,5340372.858979,506.555359
691677.366669,5340373.421675,506.513099
691684.494627,5340374.006553,506.475376
691691.599597,5340374.570147,506.438784
691698.733287,5340375.159864,506.402338
691705.840947,5340375.745361,506.360266
691712.987896,5340376.326495,506.320764
691720.119015,5340376.910251,506.279509
691727.292751,5340377.512471,506.23834
691734.460182,5340378.118312,506.199323
691741.677081,5340378.721226,506.161381
691748.891019,5340379.332314,506.12076
691756.162774,5340379.946548,506.077113
691763.424432,5340380.544035,506.052579
691770.714339,5340381.151073,506.015712
691777.967395,5340381.749023,505.98775
691785.236893,5340382.342191,505.943468
691792.469825,5340382.940213,505.90836
691799.716693,5340383.529252,505.876187
691806.928123,5340384.126655,505.834376
691814.14426,5340384.709592,505.812956
691821.326387,5340385.293121,505.794854
691828.522135,5340385.869282,505.757027
691835.685273,5340386.428283,505.746126
691842.859428,5340386.956923,505.769827
691850.022728,5340387.51933,505.76789
691857.199576,5340388.007019,505.79207
691864.347909,5340388.453374,505.814938
691871.521857,5340388.861526,505.839459
691878.661119,5340389.228021,505.870887
691885.822808,5340389.561882,505.883565
691892.949647,5340389.830289,505.920991
691900.067322,5340390.129905,505.94485
691907.125409,5340390.515279,505.951822
691914.185198,5340390.933946,505.97668
691921.189518,5340391.378531,506.012967
691928.177868,5340391.843266,506.025858
691935.109478,5340392.326266,506.045213
691942.029324,5340392.832674,506.076086
691948.877454,5340393.380512,506.09485
691955.704437,5340393.950286,506.110198
691962.427245,5340394.507686,506.136288
691969.093003,5340395.050608,506.159461
691975.644357,5340395.576624,506.182837
691982.09094,5340396.087422,506.198095
691988.349303,5340396.575283,506.211686
691994.462882,5340397.059546,506.234265
692000.411928,5340397.531442,506.248675
692006.20981,5340397.985461,506.271785
692011.769553,5340398.416272,506.281302
692017.020394,5340398.813335,506.294803
692021.89327,5340399.178133,506.312796
692026.448204,5340399.557603,506.334197
692030.575796,5340399.885045,506.364728
692034.309207,5340400.174242,506.378484
692037.579264,5340400.421895,506.381494
692040.31402,5340400.630313,506.377738
692042.507451,5340400.799868,506.377464
692044.256879,5340400.933704,506.373396
692045.556946,5340401.031239,506.37152
692046.595642,5340401.112718,506.369323
692047.397181,5340401.171869,506.367107
692047.913844,5340401.21164,506.364423
692048.28089,5340401.236272,506.369755
692048.751817,5340401.273099,506.369397
692049.618178,5340401.330831,506.359772
692050.862134,5340401.453533,506.358074
692052.409822,5340401.564307,506.36078
692054.172051,5340401.72273,506.368966
692055.984807,5340401.82332,506.377376
692057.822969,5340401.807195,506.391833
692059.762552,5340401.537039,506.396262
692061.696748,5340400.889089,506.396196
692063.50394,5340399.822276,506.414587
692065.151028,5340398.386871,506.425612
692066.550864,5340396.564349,506.441414
692067.659909,5340394.427523,506.444144
692068.464725,5340391.991771,506.443242
692069.002143,5340389.308398,506.434881
692069.312506,5340386.394132,506.435343
692069.600329,5340383.279122,506.436781
692069.922584,5340379.897817,506.442354
692070.27274,5340376.238614,506.449605
692070.620628,5340372.268525,506.434872
692070.923204,5340368.311861,506.424403
692071.188494,5340364.292813,506.413892
692071.506094,5340360.136506,506.411512
692071.849636,5340355.740762,506.396824
692072.216607,5340351.160442,506.379068
692072.625555,5340346.335903,506.35506
692073.047208,5340341.302007,506.33346
692073.480041,5340336.034141,506.305801
692073.97023,5340330.574676,506.294134
692074.43022,5340324.972357,506.261709
692074.87251,5340319.43766,506.241103
692075.374186,5340313.871193,506.252692
692075.88577,5340308.251566,506.275594
692076.402272,5340302.553354,506.283113
692076.883307,5340296.821605,506.276073
692077.351055,5340291.024722,506.274295
692077.829392,5340285.207181,506.281543
692078.349628,5340279.32502,506.293384
692078.865493,5340273.456444,506.316403
692079.393935,5340267.562784,506.339554
692079.915246,5340261.666074,506.372735
692080.443881,5340255.710953,506.395286
692080.976022,5340249.77205,506.4198
692081.500464,5340243.844854,506.44839
692082.020219,5340237.970893,506.475386
692082.545164,5340232.087733,506.499474
692083.067938,5340226.240246,506.521186
692083.609832,5340220.383267,506.54118
692084.169861,5340214.553939,506.564281
692084.7263,5340208.720694,506.591149
692085.285039,5340202.947807,506.619226
692085.835263,5340197.202957,506.642978
692086.381402,5340191.554554,506.668548
692086.925249,5340185.971049,506.695735
692087.516806,5340180.47293,506.722953
692088.200312,5340175.00112,506.76051
692089.001236,5340169.580427,506.790505
692089.899265,5340164.169617,506.828765
692090.835372,5340158.776689,506.8654
692091.752072,5340153.36721,506.898481
692092.576013,5340147.987605,506.917701
692093.308998,5340142.661175,506.942392
692093.955979,5340137.409788,506.970392
692094.499642,5340132.218259,506.993987
692094.951194,5340127.118863,507.014839
692095.310438,5340122.084502,507.038447
692095.530888,5340117.137276,507.056024
692095.58073,5340112.256208,507.076279
692095.51043,5340107.479022,507.083401
692095.402922,5340102.779674,507.083249
692095.345832,5340098.188538,507.085549
692095.376364,5340093.699685,507.089577
692095.488394,5340089.405772,507.101303
692095.661444,5340085.378384,507.113073
692095.875579,5340081.743279,507.119102
692096.119269,5340078.556816,507.129905
692096.384336,5340075.747329,507.143957
692096.631131,5340073.296932,507.155115
692096.824106,5340071.258432,507.162362
692096.959436,5340069.811931,507.166129
692097.030886,5340069.036331,507.169187
692097.070566,5340068.588264,507.181126
692097.114127,5340068.125261,507.186876
692097.195743,5340067.262462,507.188324
692097.308754,5340065.999952,507.194539
692097.456025,5340064.358777,507.19712
692097.626148,5340062.437977,507.207396
692097.828282,5340060.199261,507.216083
692098.046616,5340057.773346,507.218286
692098.259712,5340055.377263,507.234199
692098.473903,5340052.796151,507.250748
692098.705507,5340049.973172,507.268473
692098.960682,5340046.925962,507.286171
692099.237284,5340043.596323,507.301127
692099.536587,5340040.009609,507.312887
692099.871645,5340036.137531,507.328684
692100.213565,5340032.021162,507.355946
692100.593437,5340027.716422,507.374951
692100.987468,5340023.486388,507.413203
692101.397489,5340019.189664,507.457568
692101.807989,5340014.743619,507.50195
692102.236036,5340010.073393,507.499215
692102.667502,5340005.202059,507.480984
692103.189921,5340000.072666,507.471748
692103.761362,5339994.765628,507.487309
692104.341274,5339989.190767,507.513805
692104.94544,5339983.55572,507.531475
692105.536045,5339977.949264,507.563167
692106.112963,5339972.335914,507.577613
692106.681335,5339966.674285,507.598732
692107.221841,5339961.045176,507.628396
692107.745631,5339955.389308,507.648841
692108.267327,5339949.759941,507.67241
692108.797419,5339944.090735,507.696126
692109.330269,5339938.417377,507.720061
692109.865752,5339932.684234,507.746035
692110.406009,5339926.938279,507.775998
692110.966332,5339921.135587,507.804049
692111.547126,5339915.329303,507.825001
692112.125634,5339909.519235,507.843977
692112.6985,5339903.800234,507.864529
692113.266575,5339898.128062,507.890724
692113.818345,5339892.503195,507.915441
692114.365427,5339886.877896,507.938036
692114.902932,5339881.316266,507.962267
692115.437344,5339875.768273,507.982924
692115.97105,5339870.267741,508.007931
692116.51185,5339864.767245,508.031867
692117.0525,5339859.332474,508.053122
692117.590555,5339853.952829,508.071898
692118.113307,5339848.674498,508.090861
692118.627045,5339843.450594,508.115961
692119.118655,5339838.325537,508.144692
692119.600509,5339833.264995,508.166202
692120.062019,5339828.305286,508.18534
692120.501628,5339823.400401,508.199992
692120.909398,5339818.622235,508.222272
692121.289736,5339813.96591,508.245505
692121.643937,5339809.505296,508.263474
692121.975464,5339805.184073,508.282399
692122.295667,5339800.955491,508.302053
692122.624998,5339796.759722,508.317504
692122.976634,5339792.554146,508.324211
692123.345728,5339788.280314,508.342413
692123.72919,5339783.939727,508.362769
692124.12408,5339779.50266,508.377875
692124.528238,5339775.015893,508.397989
692124.961218,5339770.453703,508.413692
692125.424244,5339765.860064,508.425692
692125.912762,5339761.174205,508.439486
692126.405687,5339756.419372,508.450185
692126.918805,5339751.546488,508.459627
692127.452893,5339746.594621,508.47233
692128.021425,5339741.529835,508.486797
692128.601382,5339736.378084,508.505351
692129.187446,5339731.099429,508.519691
692129.770083,5339725.723036,508.512928
692130.335886,5339720.228471,508.492578
692130.899706,5339714.656273,508.466916
692131.459784,5339709.098448,508.456386
692132.001992,5339703.626556,508.442809
692132.524397,5339698.206684,508.430737
692133.039223,5339692.883417,508.421359
692133.534448,5339687.607844,508.406333
692134.005876,5339682.422216,508.38106
692134.481724,5339677.296757,508.368508
692134.957856,5339672.259748,508.367595
692135.435522,5339667.283954,508.366403
692135.887311,5339662.47631,508.367487
692136.309159,5339657.925347,508.366883
692136.70308,5339653.661843,508.370229
692137.075744,5339649.601813,508.372955
692137.426902,5339645.756628,508.373096
692137.758804,5339642.161835,508.37491
692138.066453,5339638.82553,508.378545
692138.346538,5339635.769414,508.380196
692138.597476,5339633.043974,508.38264
692138.828471,5339630.548036,508.386786
692139.048746,5339628.231218,508.389824
692139.250207,5339626.109315,508.395332
692139.435776,5339624.145599,508.39991
692139.61102,5339622.291618,508.40363
692139.759556,5339620.729587,508.405675
692139.866643,5339619.604733,508.409333
692139.937752,5339618.867873,508.413738
692139.979639,5339618.439014,508.41655
692140.010744,5339618.111961,508.426012
692140.054032,5339617.643125,508.427435
692140.140182,5339616.713148,508.425179
692140.270996,5339615.302116,508.421546
692140.440297,5339613.49461,508.414854
692140.640773,5339611.342354,508.408443
692140.864474,5339608.932143,508.394021
692141.084347,5339606.556232,508.398629
692141.333728,5339603.947091,508.40111
692141.60926,5339601.062886,508.401889
692141.914164,5339597.868196,508.399807
692142.252014,5339594.395228,508.397859
692142.626537,5339590.609437,508.396283
692143.037322,5339586.67783,508.385341
692143.448453,5339582.750179,508.384538
692143.86069,5339578.688671,508.381662
692144.293924,5339574.412685,508.377802
692144.742633,5339569.938182,508.3643
692145.201508,5339565.224752,508.355467
692145.677164,5339560.299405,508.338896
692146.180356,5339555.139957,508.323294
692146.710241,5339549.780954,508.30462
692147.265103,5339544.236901,508.284618
692147.814224,5339538.739126,508.272304
692148.364669,5339533.175697,508.262105
692148.919614,5339527.545908,508.25359
692149.482789,5339521.799469,508.23841
692150.048319,5339515.988204,508.227522
692150.621851,5339510.124418,508.212309
692151.183679,5339504.255254,508.204739
692151.753972,5339498.304799,508.200611
692152.317745,5339492.327203,508.198522
692152.862752,5339486.297615,508.199326
692153.411206,5339480.276398,508.198374
692153.948756,5339474.227628,508.199062
692154.485218,5339468.216916,508.201665
692155.032665,5339462.233746,508.207758
692155.60151,5339456.346104,508.206217
692156.183226,5339450.504698,508.207846
692156.760644,5339444.728435,508.215304
692157.340475,5339438.944412,508.215457
692157.899165,5339433.188791,508.216221
692158.440869,5339427.413486,508.21992
692158.961819,5339421.665511,508.219472
692159.469116,5339415.903668,508.221423
692159.950431,5339410.168255,508.221677
692160.416599,5339404.425479,508.225673
692160.852367,5339398.698672,508.225203
692161.219312,5339392.93896,508.221353
692161.519791,5339387.191531,508.214974
692161.779346,5339381.450871,508.284967
692161.952024,5339375.690159,508.284055
692162.17938,5339369.924171,508.274234
692162.480894,5339364.19257,508.300024
692162.82455,5339358.438073,508.305682
692163.240345,5339352.75563,508.322427
692163.686013,5339347.132838,508.358534
692164.198574,5339341.603169,508.388177
692164.740323,5339336.144177,508.411292
692165.268586,5339330.786706,508.441157
692165.783675,5339325.498197,508.45695
692166.245118,5339320.398516,508.475808
692166.627307,5339315.422836,508.495162
692166.877969,5339310.641618,508.508576
692166.919728,5339306.11174,508.529853
692166.752515,5339301.906759,508.554022
692166.379246,5339297.943025,508.569191
692165.818676,5339294.294348,508.571348
692165.025745,5339291.039053,508.584321
692163.950918,5339288.170046,508.584925
