1 24.181545 -23.340126 -11.525032
2 24.218475 -23.388325 -16.235374
3 24.234764 -23.448776 -21.437618
4 25.978342 -19.500866 -11.536421
5 25.861830 -19.558855 -16.306210
6 25.908882 -19.548174 -21.461973
7 27.498186 -15.673988 -11.444720
8 27.643892 -15.698378 -16.118931
9 27.510876 -15.803362 -21.429676
10 29.125729 -11.976110 -11.369243
11 29.253462 -12.058791 -16.202154
12 29.181307 -12.275815 -21.426039
13 30.783781 -8.128628 -11.266045
14 30.788000 -8.216723 -16.229294
15 30.823130 -8.548389 -21.414242
16 32.440720 -4.367294 -11.436823
17 32.462578 -4.333504 -16.247978
18 32.399677 -4.894975 -21.420570
19 34.001907 -0.501694 -11.485117
20 34.191750 -0.622580 -16.233894 
21 33.993546 -1.281504 -21.447327
22 35.702656 3.264418 -11.419806
23 35.881312 3.238731 -16.278835
24 35.710030 2.756007 -21.442680
25 37.429218 7.040505 -11.430156
26 37.468922 6.945599 -16.206654
27 37.361954 6.591241 -21.422718
28 38.975677 10.878717 -11.484880
29 39.115337 10.663929 -16.174408
30 38.916023 10.440168 -21.489759
31 40.647388 14.649262 -11.479448
32 40.751175 14.618705 -16.864758
33 40.698399 14.192091 -21.494955
34 42.310432 18.504080 -11.512011
35 42.394012 18.363773 -16.181807
36 42.217712 17.955439 -21.480379
37 44.058364 22.156543 -11.504365
38 44.057648 22.144131 -16.189049
39 44.045338 22.155018 -21.439930
40 45.717456 26.027341 -11.258534
41 45.702507 26.027159 -16.440311
42 45.672710 25.943928 -21.414152
43 47.272124 29.854945 -11.480245
44 47.282124 29.852201 -16.216026
45 47.344929 29.767776 -21.391114
46 45.229469 34.397560 -11.317022
47 45.381744 34.620953 -16.241804
48 45.357212 34.540668 -21.468969
49 41.791183 35.876457 -11.400907
50 42.072025 36.119923 -16.274107
51 38.400700 37.335861 -11.452629
52 38.549603 37.662590 -16.307232
53 34.989681 38.821598 -11.351633
54 35.148830 38.870747 -16.047512
55 35.138027 39.018890 -21.245094
56 19.583256 -25.391543 -11.353576
57 19.592543 -25.389154 -16.314734
58 19.581032 -25.395052 -21.446497
59 16.135743 -23.963533 -11.347341
60 16.145734 -23.946734 -16.314755
61 16.133417 -23.957121 -21.506872
62 12.756522 -22.493562 -11.356445
63 12.756998 -22.481465 -16.326225
64 12.741589 -22.493963 -21.362364
65 9.441554 -20.950323 -11.352341
66 9.459144 -20.942967 -16.306335
67 9.436329 -20.946180 -21.488651